0.000625	 0.500313
0.001250	 0.500625
0.001875	 0.500937
0.002500	 0.501249
0.003125	 0.501561
0.003750	 0.501872
0.004375	 0.502183
0.005000	 0.502495
0.005625	 0.502806
0.006250	 0.503116
0.006875	 0.503427
0.007500	 0.503737
0.008125	 0.504047
0.008750	 0.504357
0.009375	 0.504667
0.010000	 0.504977
0.010625	 0.505286
0.011250	 0.505596
0.011875	 0.505905
0.012500	 0.506214
0.013125	 0.506522
0.013750	 0.506831
0.014375	 0.507139
0.015000	 0.507447
0.015625	 0.507755
0.016250	 0.508063
0.016875	 0.508371
0.017500	 0.508678
0.018125	 0.508986
0.018750	 0.509293
0.019375	 0.509600
0.020000	 0.509906
0.020625	 0.510213
0.021250	 0.510519
0.021875	 0.510825
0.022500	 0.511131
0.023125	 0.511437
0.023750	 0.511743
0.024375	 0.512048
0.025000	 0.512354
0.025625	 0.512659
0.026250	 0.512964
0.026875	 0.513269
0.027500	 0.513573
0.028125	 0.513878
0.028750	 0.514182
0.029375	 0.514486
0.030000	 0.514790
0.030625	 0.515094
0.031250	 0.515398
0.031875	 0.515701
0.032500	 0.516005
0.033125	 0.516308
0.033750	 0.516611
0.034375	 0.516914
0.035000	 0.517216
0.035625	 0.517519
0.036250	 0.517821
0.036875	 0.518123
0.037500	 0.518425
0.038125	 0.518727
0.038750	 0.519029
0.039375	 0.519331
0.040000	 0.519632
0.040625	 0.519933
0.041250	 0.520234
0.041875	 0.520535
0.042500	 0.520836
0.043125	 0.521137
0.043750	 0.521437
0.044375	 0.521737
0.045000	 0.522037
0.045625	 0.522337
0.046250	 0.522637
0.046875	 0.522937
0.047500	 0.523236
0.048125	 0.523536
0.048750	 0.523835
0.049375	 0.524134
0.050000	 0.524433
0.050625	 0.524732
0.051250	 0.525031
0.051875	 0.525329
0.052500	 0.525627
0.053125	 0.525926
0.053750	 0.526224
0.054375	 0.526522
0.055000	 0.526819
0.055625	 0.527117
0.056250	 0.527414
0.056875	 0.527712
0.057500	 0.528009
0.058125	 0.528306
0.058750	 0.528603
0.059375	 0.528900
0.060000	 0.529196
0.060625	 0.529493
0.061250	 0.529789
0.061875	 0.530086
0.062500	 0.530382
0.063125	 0.530678
0.063750	 0.530973
0.064375	 0.531269
0.065000	 0.531565
0.065625	 0.531860
0.066250	 0.532155
0.066875	 0.532450
0.067500	 0.532745
0.068125	 0.533040
0.068750	 0.533335
0.069375	 0.533630
0.070000	 0.533924
0.070625	 0.534219
0.071250	 0.534513
0.071875	 0.534807
0.072500	 0.535101
0.073125	 0.535395
0.073750	 0.535688
0.074375	 0.535982
0.075000	 0.536275
0.075625	 0.536569
0.076250	 0.536862
0.076875	 0.537155
0.077500	 0.537448
0.078125	 0.537741
0.078750	 0.538034
0.079375	 0.538326
0.080000	 0.538619
0.080625	 0.538911
0.081250	 0.539203
0.081875	 0.539496
0.082500	 0.539788
0.083125	 0.540079
0.083750	 0.540371
0.084375	 0.540663
0.085000	 0.540954
0.085625	 0.541246
0.086250	 0.541537
0.086875	 0.541828
0.087500	 0.542119
0.088125	 0.542410
0.088750	 0.542701
0.089375	 0.542992
0.090000	 0.543283
0.090625	 0.543573
0.091250	 0.543863
0.091875	 0.544154
0.092500	 0.544444
0.093125	 0.544734
0.093750	 0.545024
0.094375	 0.545314
0.095000	 0.545604
0.095625	 0.545893
0.096250	 0.546183
0.096875	 0.546472
0.097500	 0.546761
0.098125	 0.547051
0.098750	 0.547340
0.099375	 0.547629
0.100000	 0.547918
0.100625	 0.548206
0.101250	 0.548495
0.101875	 0.548784
0.102500	 0.549072
0.103125	 0.549361
0.103750	 0.549649
0.104375	 0.549937
0.105000	 0.550225
0.105625	 0.550513
0.106250	 0.550801
0.106875	 0.551089
0.107500	 0.551377
0.108125	 0.551664
0.108750	 0.551952
0.109375	 0.552239
0.110000	 0.552527
0.110625	 0.552814
0.111250	 0.553101
0.111875	 0.553388
0.112500	 0.553675
0.113125	 0.553962
0.113750	 0.554249
0.114375	 0.554535
0.115000	 0.554822
0.115625	 0.555108
0.116250	 0.555395
0.116875	 0.555681
0.117500	 0.555967
0.118125	 0.556253
0.118750	 0.556540
0.119375	 0.556826
0.120000	 0.557111
0.120625	 0.557397
0.121250	 0.557683
0.121875	 0.557969
0.122500	 0.558254
0.123125	 0.558540
0.123750	 0.558825
0.124375	 0.559110
0.125000	 0.559395
0.125625	 0.559681
0.126250	 0.559966
0.126875	 0.560251
0.127500	 0.560536
0.128125	 0.560820
0.128750	 0.561105
0.129375	 0.561390
0.130000	 0.561674
0.130625	 0.561959
0.131250	 0.562243
0.131875	 0.562528
0.132500	 0.562812
0.133125	 0.563096
0.133750	 0.563380
0.134375	 0.563664
0.135000	 0.563948
0.135625	 0.564232
0.136250	 0.564516
0.136875	 0.564800
0.137500	 0.565084
0.138125	 0.565367
0.138750	 0.565651
0.139375	 0.565934
0.140000	 0.566218
0.140625	 0.566501
0.141250	 0.566785
0.141875	 0.567068
0.142500	 0.567351
0.143125	 0.567634
0.143750	 0.567917
0.144375	 0.568200
0.145000	 0.568483
0.145625	 0.568766
0.146250	 0.569049
0.146875	 0.569331
0.147500	 0.569614
0.148125	 0.569896
0.148750	 0.570179
0.149375	 0.570461
0.150000	 0.570744
0.150625	 0.571026
0.151250	 0.571309
0.151875	 0.571591
0.152500	 0.571873
0.153125	 0.572155
0.153750	 0.572437
0.154375	 0.572719
0.155000	 0.573001
0.155625	 0.573283
0.156250	 0.573565
0.156875	 0.573847
0.157500	 0.574128
0.158125	 0.574410
0.158750	 0.574692
0.159375	 0.574973
0.160000	 0.575255
0.160625	 0.575536
0.161250	 0.575818
0.161875	 0.576099
0.162500	 0.576380
0.163125	 0.576661
0.163750	 0.576943
0.164375	 0.577224
0.165000	 0.577505
0.165625	 0.577786
0.166250	 0.578067
0.166875	 0.578348
0.167500	 0.578629
0.168125	 0.578910
0.168750	 0.579191
0.169375	 0.579472
0.170000	 0.579752
0.170625	 0.580033
0.171250	 0.580314
0.171875	 0.580594
0.172500	 0.580875
0.173125	 0.581155
0.173750	 0.581436
0.174375	 0.581716
0.175000	 0.581997
0.175625	 0.582277
0.176250	 0.582558
0.176875	 0.582838
0.177500	 0.583118
0.178125	 0.583398
0.178750	 0.583679
0.179375	 0.583959
0.180000	 0.584239
0.180625	 0.584519
0.181250	 0.584799
0.181875	 0.585079
0.182500	 0.585359
0.183125	 0.585639
0.183750	 0.585919
0.184375	 0.586199
0.185000	 0.586479
0.185625	 0.586759
0.186250	 0.587039
0.186875	 0.587318
0.187500	 0.587598
0.188125	 0.587878
0.188750	 0.588157
0.189375	 0.588437
0.190000	 0.588717
0.190625	 0.588996
0.191250	 0.589276
0.191875	 0.589556
0.192500	 0.589835
0.193125	 0.590115
0.193750	 0.590394
0.194375	 0.590674
0.195000	 0.590953
0.195625	 0.591232
0.196250	 0.591512
0.196875	 0.591791
0.197500	 0.592071
0.198125	 0.592350
0.198750	 0.592629
0.199375	 0.592908
0.200000	 0.593188
0.200625	 0.593467
0.201250	 0.593746
0.201875	 0.594025
0.202500	 0.594305
0.203125	 0.594584
0.203750	 0.594863
0.204375	 0.595142
0.205000	 0.595421
0.205625	 0.595700
0.206250	 0.595980
0.206875	 0.596259
0.207500	 0.596538
0.208125	 0.596817
0.208750	 0.597096
0.209375	 0.597375
0.210000	 0.597654
0.210625	 0.597933
0.211250	 0.598212
0.211875	 0.598491
0.212500	 0.598770
0.213125	 0.599049
0.213750	 0.599328
0.214375	 0.599607
0.215000	 0.599886
0.215625	 0.600165
0.216250	 0.600444
0.216875	 0.600723
0.217500	 0.601002
0.218125	 0.601281
0.218750	 0.601560
0.219375	 0.601839
0.220000	 0.602118
0.220625	 0.602396
0.221250	 0.602675
0.221875	 0.602954
0.222500	 0.603233
0.223125	 0.603512
0.223750	 0.603791
0.224375	 0.604070
0.225000	 0.604349
0.225625	 0.604628
0.226250	 0.604907
0.226875	 0.605186
0.227500	 0.605465
0.228125	 0.605744
0.228750	 0.606022
0.229375	 0.606301
0.230000	 0.606580
0.230625	 0.606859
0.231250	 0.607138
0.231875	 0.607417
0.232500	 0.607696
0.233125	 0.607975
0.233750	 0.608254
0.234375	 0.608533
0.235000	 0.608812
0.235625	 0.609091
0.236250	 0.609370
0.236875	 0.609649
0.237500	 0.609928
0.238125	 0.610207
0.238750	 0.610486
0.239375	 0.610765
0.240000	 0.611045
0.240625	 0.611324
0.241250	 0.611603
0.241875	 0.611882
0.242500	 0.612161
0.243125	 0.612440
0.243750	 0.612719
0.244375	 0.612998
0.245000	 0.613278
0.245625	 0.613557
0.246250	 0.613836
0.246875	 0.614115
0.247500	 0.614395
0.248125	 0.614674
0.248750	 0.614953
0.249375	 0.615233
0.250000	 0.615512
0.250625	 0.615791
0.251250	 0.616071
0.251875	 0.616350
0.252500	 0.616630
0.253125	 0.616909
0.253750	 0.617188
0.254375	 0.617468
0.255000	 0.617747
0.255625	 0.618027
0.256250	 0.618307
0.256875	 0.618586
0.257500	 0.618866
0.258125	 0.619145
0.258750	 0.619425
0.259375	 0.619705
0.260000	 0.619985
0.260625	 0.620264
0.261250	 0.620544
0.261875	 0.620824
0.262500	 0.621104
0.263125	 0.621384
0.263750	 0.621664
0.264375	 0.621944
0.265000	 0.622223
0.265625	 0.622503
0.266250	 0.622784
0.266875	 0.623064
0.267500	 0.623344
0.268125	 0.623624
0.268750	 0.623904
0.269375	 0.624184
0.270000	 0.624464
0.270625	 0.624745
0.271250	 0.625025
0.271875	 0.625305
0.272500	 0.625586
0.273125	 0.625866
0.273750	 0.626147
0.274375	 0.626427
0.275000	 0.626708
0.275625	 0.626988
0.276250	 0.627269
0.276875	 0.627549
0.277500	 0.627830
0.278125	 0.628111
0.278750	 0.628392
0.279375	 0.628672
0.280000	 0.628953
0.280625	 0.629234
0.281250	 0.629515
0.281875	 0.629796
0.282500	 0.630077
0.283125	 0.630358
0.283750	 0.630639
0.284375	 0.630921
0.285000	 0.631202
0.285625	 0.631483
0.286250	 0.631764
0.286875	 0.632046
0.287500	 0.632327
0.288125	 0.632609
0.288750	 0.632890
0.289375	 0.633172
0.290000	 0.633453
0.290625	 0.633735
0.291250	 0.634017
0.291875	 0.634298
0.292500	 0.634580
0.293125	 0.634862
0.293750	 0.635144
0.294375	 0.635426
0.295000	 0.635708
0.295625	 0.635990
0.296250	 0.636272
0.296875	 0.636554
0.297500	 0.636837
0.298125	 0.637119
0.298750	 0.637401
0.299375	 0.637684
0.300000	 0.637966
0.300625	 0.638249
0.301250	 0.638531
0.301875	 0.638814
0.302500	 0.639097
0.303125	 0.639379
0.303750	 0.639662
0.304375	 0.639945
0.305000	 0.640228
0.305625	 0.640511
0.306250	 0.640794
0.306875	 0.641077
0.307500	 0.641360
0.308125	 0.641644
0.308750	 0.641927
0.309375	 0.642210
0.310000	 0.642494
0.310625	 0.642777
0.311250	 0.643061
0.311875	 0.643344
0.312500	 0.643628
0.313125	 0.643912
0.313750	 0.644196
0.314375	 0.644480
0.315000	 0.644764
0.315625	 0.645048
0.316250	 0.645332
0.316875	 0.645616
0.317500	 0.645900
0.318125	 0.646184
0.318750	 0.646469
0.319375	 0.646753
0.320000	 0.647038
0.320625	 0.647322
0.321250	 0.647607
0.321875	 0.647892
0.322500	 0.648177
0.323125	 0.648462
0.323750	 0.648747
0.324375	 0.649032
0.325000	 0.649317
0.325625	 0.649602
0.326250	 0.649887
0.326875	 0.650172
0.327500	 0.650458
0.328125	 0.650743
0.328750	 0.651029
0.329375	 0.651315
0.330000	 0.651600
0.330625	 0.651886
0.331250	 0.652172
0.331875	 0.652458
0.332500	 0.652744
0.333125	 0.653030
0.333750	 0.653316
0.334375	 0.653603
0.335000	 0.653889
0.335625	 0.654176
0.336250	 0.654462
0.336875	 0.654749
0.337500	 0.655035
0.338125	 0.655322
0.338750	 0.655609
0.339375	 0.655896
0.340000	 0.656183
0.340625	 0.656470
0.341250	 0.656757
0.341875	 0.657045
0.342500	 0.657332
0.343125	 0.657620
0.343750	 0.657907
0.344375	 0.658195
0.345000	 0.658483
0.345625	 0.658771
0.346250	 0.659058
0.346875	 0.659346
0.347500	 0.659635
0.348125	 0.659923
0.348750	 0.660211
0.349375	 0.660499
0.350000	 0.660788
0.350625	 0.661076
0.351250	 0.661365
0.351875	 0.661654
0.352500	 0.661943
0.353125	 0.662232
0.353750	 0.662521
0.354375	 0.662810
0.355000	 0.663099
0.355625	 0.663388
0.356250	 0.663678
0.356875	 0.663967
0.357500	 0.664257
0.358125	 0.664547
0.358750	 0.664837
0.359375	 0.665126
0.360000	 0.665416
0.360625	 0.665707
0.361250	 0.665997
0.361875	 0.666287
0.362500	 0.666578
0.363125	 0.666868
0.363750	 0.667159
0.364375	 0.667449
0.365000	 0.667740
0.365625	 0.668031
0.366250	 0.668322
0.366875	 0.668613
0.367500	 0.668905
0.368125	 0.669196
0.368750	 0.669487
0.369375	 0.669779
0.370000	 0.670071
0.370625	 0.670362
0.371250	 0.670654
0.371875	 0.670946
0.372500	 0.671238
0.373125	 0.671530
0.373750	 0.671823
0.374375	 0.672115
0.375000	 0.672408
0.375625	 0.672700
0.376250	 0.672993
0.376875	 0.673286
0.377500	 0.673579
0.378125	 0.673872
0.378750	 0.674165
0.379375	 0.674459
0.380000	 0.674752
0.380625	 0.675045
0.381250	 0.675339
0.381875	 0.675633
0.382500	 0.675927
0.383125	 0.676221
0.383750	 0.676515
0.384375	 0.676809
0.385000	 0.677103
0.385625	 0.677398
0.386250	 0.677692
0.386875	 0.677987
0.387500	 0.678282
0.388125	 0.678577
0.388750	 0.678872
0.389375	 0.679167
0.390000	 0.679462
0.390625	 0.679758
0.391250	 0.680053
0.391875	 0.680349
0.392500	 0.680645
0.393125	 0.680940
0.393750	 0.681236
0.394375	 0.681533
0.395000	 0.681829
0.395625	 0.682125
0.396250	 0.682422
0.396875	 0.682718
0.397500	 0.683015
0.398125	 0.683312
0.398750	 0.683609
0.399375	 0.683906
0.400000	 0.684203
0.400625	 0.684501
0.401250	 0.684798
0.401875	 0.685096
0.402500	 0.685394
0.403125	 0.685691
0.403750	 0.685989
0.404375	 0.686288
0.405000	 0.686586
0.405625	 0.686884
0.406250	 0.687183
0.406875	 0.687481
0.407500	 0.687780
0.408125	 0.688079
0.408750	 0.688378
0.409375	 0.688677
0.410000	 0.688977
0.410625	 0.689276
0.411250	 0.689576
0.411875	 0.689876
0.412500	 0.690175
0.413125	 0.690475
0.413750	 0.690775
0.414375	 0.691076
0.415000	 0.691376
0.415625	 0.691677
0.416250	 0.691977
0.416875	 0.692278
0.417500	 0.692579
0.418125	 0.692880
0.418750	 0.693181
0.419375	 0.693483
0.420000	 0.693784
0.420625	 0.694086
0.421250	 0.694388
0.421875	 0.694690
0.422500	 0.694992
0.423125	 0.695294
0.423750	 0.695596
0.424375	 0.695899
0.425000	 0.696201
0.425625	 0.696504
0.426250	 0.696807
0.426875	 0.697110
0.427500	 0.697413
0.428125	 0.697716
0.428750	 0.698020
0.429375	 0.698324
0.430000	 0.698627
0.430625	 0.698931
0.431250	 0.699235
0.431875	 0.699540
0.432500	 0.699844
0.433125	 0.700148
0.433750	 0.700453
0.434375	 0.700758
0.435000	 0.701063
0.435625	 0.701368
0.436250	 0.701673
0.436875	 0.701979
0.437500	 0.702284
0.438125	 0.702590
0.438750	 0.702896
0.439375	 0.703202
0.440000	 0.703508
0.440625	 0.703814
0.441250	 0.704121
0.441875	 0.704427
0.442500	 0.704734
0.443125	 0.705041
0.443750	 0.705348
0.444375	 0.705655
0.445000	 0.705963
0.445625	 0.706270
0.446250	 0.706578
0.446875	 0.706886
0.447500	 0.707194
0.448125	 0.707502
0.448750	 0.707810
0.449375	 0.708119
0.450000	 0.708427
0.450625	 0.708736
0.451250	 0.709045
0.451875	 0.709354
0.452500	 0.709663
0.453125	 0.709973
0.453750	 0.710282
0.454375	 0.710592
0.455000	 0.710902
0.455625	 0.711212
0.456250	 0.711522
0.456875	 0.711833
0.457500	 0.712143
0.458125	 0.712454
0.458750	 0.712765
0.459375	 0.713076
0.460000	 0.713387
0.460625	 0.713699
0.461250	 0.714010
0.461875	 0.714322
0.462500	 0.714634
0.463125	 0.714946
0.463750	 0.715258
0.464375	 0.715570
0.465000	 0.715883
0.465625	 0.716196
0.466250	 0.716509
0.466875	 0.716822
0.467500	 0.717135
0.468125	 0.717448
0.468750	 0.717762
0.469375	 0.718076
0.470000	 0.718389
0.470625	 0.718704
0.471250	 0.719018
0.471875	 0.719332
0.472500	 0.719647
0.473125	 0.719962
0.473750	 0.720276
0.474375	 0.720592
0.475000	 0.720907
0.475625	 0.721222
0.476250	 0.721538
0.476875	 0.721854
0.477500	 0.722170
0.478125	 0.722486
0.478750	 0.722802
0.479375	 0.723119
0.480000	 0.723435
0.480625	 0.723752
0.481250	 0.724069
0.481875	 0.724386
0.482500	 0.724704
0.483125	 0.725021
0.483750	 0.725339
0.484375	 0.725657
0.485000	 0.725975
0.485625	 0.726293
0.486250	 0.726612
0.486875	 0.726931
0.487500	 0.727249
0.488125	 0.727568
0.488750	 0.727888
0.489375	 0.728207
0.490000	 0.728526
0.490625	 0.728846
0.491250	 0.729166
0.491875	 0.729486
0.492500	 0.729806
0.493125	 0.730127
0.493750	 0.730448
0.494375	 0.730768
0.495000	 0.731089
0.495625	 0.731411
0.496250	 0.731732
0.496875	 0.732054
0.497500	 0.732375
0.498125	 0.732697
0.498750	 0.733020
0.499375	 0.733342
0.500000	 0.733664
0.500625	 0.733987
0.501250	 0.734310
0.501875	 0.734633
0.502500	 0.734956
0.503125	 0.735280
0.503750	 0.735603
0.504375	 0.735927
0.505000	 0.736251
0.505625	 0.736576
0.506250	 0.736900
0.506875	 0.737225
0.507500	 0.737549
0.508125	 0.737874
0.508750	 0.738200
0.509375	 0.738525
0.510000	 0.738851
0.510625	 0.739176
0.511250	 0.739502
0.511875	 0.739829
0.512500	 0.740155
0.513125	 0.740482
0.513750	 0.740808
0.514375	 0.741135
0.515000	 0.741462
0.515625	 0.741790
0.516250	 0.742117
0.516875	 0.742445
0.517500	 0.742773
0.518125	 0.743101
0.518750	 0.743429
0.519375	 0.743758
0.520000	 0.744087
0.520625	 0.744416
0.521250	 0.744745
0.521875	 0.745074
0.522500	 0.745404
0.523125	 0.745733
0.523750	 0.746063
0.524375	 0.746394
0.525000	 0.746724
0.525625	 0.747055
0.526250	 0.747385
0.526875	 0.747716
0.527500	 0.748047
0.528125	 0.748379
0.528750	 0.748710
0.529375	 0.749042
0.530000	 0.749374
0.530625	 0.749706
0.531250	 0.750039
0.531875	 0.750371
0.532500	 0.750704
0.533125	 0.751037
0.533750	 0.751371
0.534375	 0.751704
0.535000	 0.752038
0.535625	 0.752371
0.536250	 0.752706
0.536875	 0.753040
0.537500	 0.753374
0.538125	 0.753709
0.538750	 0.754044
0.539375	 0.754379
0.540000	 0.754714
0.540625	 0.755050
0.541250	 0.755386
0.541875	 0.755722
0.542500	 0.756058
0.543125	 0.756394
0.543750	 0.756731
0.544375	 0.757068
0.545000	 0.757405
0.545625	 0.757742
0.546250	 0.758080
0.546875	 0.758417
0.547500	 0.758755
0.548125	 0.759093
0.548750	 0.759432
0.549375	 0.759770
0.550000	 0.760109
0.550625	 0.760448
0.551250	 0.760787
0.551875	 0.761127
0.552500	 0.761466
0.553125	 0.761806
0.553750	 0.762146
0.554375	 0.762487
0.555000	 0.762827
0.555625	 0.763168
0.556250	 0.763509
0.556875	 0.763850
0.557500	 0.764191
0.558125	 0.764533
0.558750	 0.764875
0.559375	 0.765217
0.560000	 0.765559
0.560625	 0.765902
0.561250	 0.766245
0.561875	 0.766588
0.562500	 0.766931
0.563125	 0.767274
0.563750	 0.767618
0.564375	 0.767962
0.565000	 0.768306
0.565625	 0.768650
0.566250	 0.768995
0.566875	 0.769339
0.567500	 0.769684
0.568125	 0.770030
0.568750	 0.770375
0.569375	 0.770721
0.570000	 0.771067
0.570625	 0.771413
0.571250	 0.771759
0.571875	 0.772106
0.572500	 0.772453
0.573125	 0.772800
0.573750	 0.773147
0.574375	 0.773495
0.575000	 0.773842
0.575625	 0.774190
0.576250	 0.774539
0.576875	 0.774887
0.577500	 0.775236
0.578125	 0.775585
0.578750	 0.775934
0.579375	 0.776283
0.580000	 0.776633
0.580625	 0.776983
0.581250	 0.777333
0.581875	 0.777683
0.582500	 0.778034
0.583125	 0.778384
0.583750	 0.778735
0.584375	 0.779087
0.585000	 0.779438
0.585625	 0.779790
0.586250	 0.780142
0.586875	 0.780494
0.587500	 0.780847
0.588125	 0.781199
0.588750	 0.781552
0.589375	 0.781905
0.590000	 0.782259
0.590625	 0.782612
0.591250	 0.782966
0.591875	 0.783320
0.592500	 0.783675
0.593125	 0.784029
0.593750	 0.784384
0.594375	 0.784739
0.595000	 0.785095
0.595625	 0.785450
0.596250	 0.785806
0.596875	 0.786162
0.597500	 0.786519
0.598125	 0.786875
0.598750	 0.787232
0.599375	 0.787589
0.600000	 0.787946
0.600625	 0.788304
0.601250	 0.788662
0.601875	 0.789020
0.602500	 0.789378
0.603125	 0.789736
0.603750	 0.790095
0.604375	 0.790454
0.605000	 0.790813
0.605625	 0.791173
0.606250	 0.791533
0.606875	 0.791893
0.607500	 0.792253
0.608125	 0.792613
0.608750	 0.792974
0.609375	 0.793335
0.610000	 0.793696
0.610625	 0.794058
0.611250	 0.794420
0.611875	 0.794782
0.612500	 0.795144
0.613125	 0.795506
0.613750	 0.795869
0.614375	 0.796232
0.615000	 0.796595
0.615625	 0.796959
0.616250	 0.797323
0.616875	 0.797687
0.617500	 0.798051
0.618125	 0.798416
0.618750	 0.798780
0.619375	 0.799145
0.620000	 0.799511
0.620625	 0.799876
0.621250	 0.800242
0.621875	 0.800608
0.622500	 0.800974
0.623125	 0.801341
0.623750	 0.801708
0.624375	 0.802075
0.625000	 0.802442
0.625625	 0.802810
0.626250	 0.803178
0.626875	 0.803546
0.627500	 0.803914
0.628125	 0.804283
0.628750	 0.804652
0.629375	 0.805021
0.630000	 0.805391
0.630625	 0.805760
0.631250	 0.806130
0.631875	 0.806500
0.632500	 0.806871
0.633125	 0.807242
0.633750	 0.807613
0.634375	 0.807984
0.635000	 0.808355
0.635625	 0.808727
0.636250	 0.809099
0.636875	 0.809472
0.637500	 0.809844
0.638125	 0.810217
0.638750	 0.810590
0.639375	 0.810964
0.640000	 0.811337
0.640625	 0.811711
0.641250	 0.812085
0.641875	 0.812460
0.642500	 0.812834
0.643125	 0.813209
0.643750	 0.813585
0.644375	 0.813960
0.645000	 0.814336
0.645625	 0.814712
0.646250	 0.815088
0.646875	 0.815465
0.647500	 0.815842
0.648125	 0.816219
0.648750	 0.816596
0.649375	 0.816974
0.650000	 0.817352
0.650625	 0.817730
0.651250	 0.818109
0.651875	 0.818487
0.652500	 0.818866
0.653125	 0.819246
0.653750	 0.819625
0.654375	 0.820005
0.655000	 0.820385
0.655625	 0.820766
0.656250	 0.821146
0.656875	 0.821527
0.657500	 0.821909
0.658125	 0.822290
0.658750	 0.822672
0.659375	 0.823054
0.660000	 0.823436
0.660625	 0.823819
0.661250	 0.824202
0.661875	 0.824585
0.662500	 0.824968
0.663125	 0.825352
0.663750	 0.825736
0.664375	 0.826120
0.665000	 0.826505
0.665625	 0.826890
0.666250	 0.827275
0.666875	 0.827660
0.667500	 0.828046
0.668125	 0.828432
0.668750	 0.828818
0.669375	 0.829204
0.670000	 0.829591
0.670625	 0.829978
0.671250	 0.830366
0.671875	 0.830753
0.672500	 0.831141
0.673125	 0.831529
0.673750	 0.831918
0.674375	 0.832307
0.675000	 0.832696
0.675625	 0.833085
0.676250	 0.833475
0.676875	 0.833865
0.677500	 0.834255
0.678125	 0.834645
0.678750	 0.835036
0.679375	 0.835427
0.680000	 0.835818
0.680625	 0.836210
0.681250	 0.836602
0.681875	 0.836994
0.682500	 0.837386
0.683125	 0.837779
0.683750	 0.838172
0.684375	 0.838566
0.685000	 0.838959
0.685625	 0.839353
0.686250	 0.839747
0.686875	 0.840142
0.687500	 0.840537
0.688125	 0.840932
0.688750	 0.841327
0.689375	 0.841723
0.690000	 0.842119
0.690625	 0.842515
0.691250	 0.842911
0.691875	 0.843308
0.692500	 0.843705
0.693125	 0.844103
0.693750	 0.844501
0.694375	 0.844899
0.695000	 0.845297
0.695625	 0.845695
0.696250	 0.846094
0.696875	 0.846493
0.697500	 0.846893
0.698125	 0.847293
0.698750	 0.847693
0.699375	 0.848093
0.700000	 0.848494
0.700625	 0.848895
0.701250	 0.849296
0.701875	 0.849697
0.702500	 0.850099
0.703125	 0.850501
0.703750	 0.850904
0.704375	 0.851307
0.705000	 0.851710
0.705625	 0.852113
0.706250	 0.852516
0.706875	 0.852920
0.707500	 0.853325
0.708125	 0.853729
0.708750	 0.854134
0.709375	 0.854539
0.710000	 0.854945
0.710625	 0.855350
0.711250	 0.855756
0.711875	 0.856163
0.712500	 0.856569
0.713125	 0.856976
0.713750	 0.857383
0.714375	 0.857791
0.715000	 0.858199
0.715625	 0.858607
0.716250	 0.859015
0.716875	 0.859424
0.717500	 0.859833
0.718125	 0.860242
0.718750	 0.860652
0.719375	 0.861062
0.720000	 0.861472
0.720625	 0.861883
0.721250	 0.862294
0.721875	 0.862705
0.722500	 0.863117
0.723125	 0.863528
0.723750	 0.863940
0.724375	 0.864353
0.725000	 0.864766
0.725625	 0.865179
0.726250	 0.865592
0.726875	 0.866006
0.727500	 0.866420
0.728125	 0.866834
0.728750	 0.867248
0.729375	 0.867663
0.730000	 0.868079
0.730625	 0.868494
0.731250	 0.868910
0.731875	 0.869326
0.732500	 0.869742
0.733125	 0.870159
0.733750	 0.870576
0.734375	 0.870994
0.735000	 0.871411
0.735625	 0.871829
0.736250	 0.872248
0.736875	 0.872666
0.737500	 0.873085
0.738125	 0.873505
0.738750	 0.873924
0.739375	 0.874344
0.740000	 0.874764
0.740625	 0.875185
0.741250	 0.875606
0.741875	 0.876027
0.742500	 0.876448
0.743125	 0.876870
0.743750	 0.877292
0.744375	 0.877715
0.745000	 0.878137
0.745625	 0.878560
0.746250	 0.878984
0.746875	 0.879407
0.747500	 0.879831
0.748125	 0.880256
0.748750	 0.880680
0.749375	 0.881105
0.750000	 0.881531
0.750625	 0.881956
0.751250	 0.882382
0.751875	 0.882808
0.752500	 0.883235
0.753125	 0.883662
0.753750	 0.884089
0.754375	 0.884517
0.755000	 0.884944
0.755625	 0.885373
0.756250	 0.885801
0.756875	 0.886230
0.757500	 0.886659
0.758125	 0.887089
0.758750	 0.887518
0.759375	 0.887948
0.760000	 0.888379
0.760625	 0.888810
0.761250	 0.889241
0.761875	 0.889672
0.762500	 0.890104
0.763125	 0.890536
0.763750	 0.890968
0.764375	 0.891401
0.765000	 0.891834
0.765625	 0.892267
0.766250	 0.892701
0.766875	 0.893135
0.767500	 0.893570
0.768125	 0.894004
0.768750	 0.894439
0.769375	 0.894875
0.770000	 0.895310
0.770625	 0.895746
0.771250	 0.896183
0.771875	 0.896619
0.772500	 0.897056
0.773125	 0.897494
0.773750	 0.897931
0.774375	 0.898369
0.775000	 0.898807
0.775625	 0.899246
0.776250	 0.899685
0.776875	 0.900124
0.777500	 0.900564
0.778125	 0.901004
0.778750	 0.901444
0.779375	 0.901885
0.780000	 0.902326
0.780625	 0.902767
0.781250	 0.903209
0.781875	 0.903651
0.782500	 0.904093
0.783125	 0.904536
0.783750	 0.904979
0.784375	 0.905422
0.785000	 0.905866
0.785625	 0.906310
0.786250	 0.906754
0.786875	 0.907198
0.787500	 0.907643
0.788125	 0.908089
0.788750	 0.908534
0.789375	 0.908980
0.790000	 0.909427
0.790625	 0.909873
0.791250	 0.910320
0.791875	 0.910768
0.792500	 0.911215
0.793125	 0.911664
0.793750	 0.912112
0.794375	 0.912561
0.795000	 0.913010
0.795625	 0.913459
0.796250	 0.913909
0.796875	 0.914359
0.797500	 0.914809
0.798125	 0.915260
0.798750	 0.915711
0.799375	 0.916162
0.800000	 0.916614
0.800625	 0.917066
0.801250	 0.917519
0.801875	 0.917972
0.802500	 0.918425
0.803125	 0.918878
0.803750	 0.919332
0.804375	 0.919786
0.805000	 0.920241
0.805625	 0.920696
0.806250	 0.921151
0.806875	 0.921606
0.807500	 0.922062
0.808125	 0.922519
0.808750	 0.922975
0.809375	 0.923432
0.810000	 0.923889
0.810625	 0.924347
0.811250	 0.924805
0.811875	 0.925263
0.812500	 0.925722
0.813125	 0.926181
0.813750	 0.926640
0.814375	 0.927100
0.815000	 0.927560
0.815625	 0.928021
0.816250	 0.928481
0.816875	 0.928942
0.817500	 0.929404
0.818125	 0.929866
0.818750	 0.930328
0.819375	 0.930790
0.820000	 0.931253
0.820625	 0.931717
0.821250	 0.932180
0.821875	 0.932644
0.822500	 0.933108
0.823125	 0.933573
0.823750	 0.934038
0.824375	 0.934503
0.825000	 0.934969
0.825625	 0.935435
0.826250	 0.935901
0.826875	 0.936368
0.827500	 0.936835
0.828125	 0.937303
0.828750	 0.937770
0.829375	 0.938239
0.830000	 0.938707
0.830625	 0.939176
0.831250	 0.939645
0.831875	 0.940115
0.832500	 0.940585
0.833125	 0.941055
0.833750	 0.941526
0.834375	 0.941997
0.835000	 0.942468
0.835625	 0.942940
0.836250	 0.943412
0.836875	 0.943884
0.837500	 0.944357
0.838125	 0.944830
0.838750	 0.945304
0.839375	 0.945778
0.840000	 0.946252
0.840625	 0.946726
0.841250	 0.947201
0.841875	 0.947677
0.842500	 0.948152
0.843125	 0.948628
0.843750	 0.949105
0.844375	 0.949582
0.845000	 0.950059
0.845625	 0.950536
0.846250	 0.951014
0.846875	 0.951492
0.847500	 0.951971
0.848125	 0.952450
0.848750	 0.952929
0.849375	 0.953409
0.850000	 0.953889
0.850625	 0.954369
0.851250	 0.954850
0.851875	 0.955331
0.852500	 0.955812
0.853125	 0.956294
0.853750	 0.956776
0.854375	 0.957259
0.855000	 0.957742
0.855625	 0.958225
0.856250	 0.958709
0.856875	 0.959193
0.857500	 0.959677
0.858125	 0.960162
0.858750	 0.960647
0.859375	 0.961133
0.860000	 0.961619
0.860625	 0.962105
0.861250	 0.962591
0.861875	 0.963078
0.862500	 0.963566
0.863125	 0.964053
0.863750	 0.964542
0.864375	 0.965030
0.865000	 0.965519
0.865625	 0.966008
0.866250	 0.966498
0.866875	 0.966988
0.867500	 0.967478
0.868125	 0.967968
0.868750	 0.968460
0.869375	 0.968951
0.870000	 0.969443
0.870625	 0.969935
0.871250	 0.970427
0.871875	 0.970920
0.872500	 0.971414
0.873125	 0.971907
0.873750	 0.972401
0.874375	 0.972896
0.875000	 0.973390
0.875625	 0.973886
0.876250	 0.974381
0.876875	 0.974877
0.877500	 0.975373
0.878125	 0.975870
0.878750	 0.976367
0.879375	 0.976864
0.880000	 0.977362
0.880625	 0.977860
0.881250	 0.978359
0.881875	 0.978858
0.882500	 0.979357
0.883125	 0.979857
0.883750	 0.980357
0.884375	 0.980857
0.885000	 0.981358
0.885625	 0.981859
0.886250	 0.982361
0.886875	 0.982863
0.887500	 0.983365
0.888125	 0.983867
0.888750	 0.984371
0.889375	 0.984874
0.890000	 0.985378
0.890625	 0.985882
0.891250	 0.986387
0.891875	 0.986892
0.892500	 0.987397
0.893125	 0.987903
0.893750	 0.988409
0.894375	 0.988915
0.895000	 0.989422
0.895625	 0.989929
0.896250	 0.990437
0.896875	 0.990945
0.897500	 0.991453
0.898125	 0.991962
0.898750	 0.992471
0.899375	 0.992981
0.900000	 0.993491
0.900625	 0.994001
0.901250	 0.994512
0.901875	 0.995023
0.902500	 0.995534
0.903125	 0.996046
0.903750	 0.996559
0.904375	 0.997071
0.905000	 0.997584
0.905625	 0.998098
0.906250	 0.998611
0.906875	 0.999126
0.907500	 0.999640
0.908125	 1.000155
0.908750	 1.000670
0.909375	 1.001186
0.910000	 1.001702
0.910625	 1.002219
0.911250	 1.002736
0.911875	 1.003253
0.912500	 1.003771
0.913125	 1.004289
0.913750	 1.004807
0.914375	 1.005326
0.915000	 1.005845
0.915625	 1.006365
0.916250	 1.006885
0.916875	 1.007405
0.917500	 1.007926
0.918125	 1.008447
0.918750	 1.008969
0.919375	 1.009491
0.920000	 1.010013
0.920625	 1.010536
0.921250	 1.011059
0.921875	 1.011582
0.922500	 1.012106
0.923125	 1.012631
0.923750	 1.013155
0.924375	 1.013680
0.925000	 1.014206
0.925625	 1.014732
0.926250	 1.015258
0.926875	 1.015785
0.927500	 1.016312
0.928125	 1.016839
0.928750	 1.017367
0.929375	 1.017895
0.930000	 1.018424
0.930625	 1.018953
0.931250	 1.019482
0.931875	 1.020012
0.932500	 1.020543
0.933125	 1.021073
0.933750	 1.021604
0.934375	 1.022136
0.935000	 1.022667
0.935625	 1.023200
0.936250	 1.023732
0.936875	 1.024265
0.937500	 1.024799
0.938125	 1.025333
0.938750	 1.025867
0.939375	 1.026401
0.940000	 1.026936
0.940625	 1.027472
0.941250	 1.028008
0.941875	 1.028544
0.942500	 1.029080
0.943125	 1.029618
0.943750	 1.030155
0.944375	 1.030693
0.945000	 1.031231
0.945625	 1.031770
0.946250	 1.032309
0.946875	 1.032848
0.947500	 1.033388
0.948125	 1.033928
0.948750	 1.034469
0.949375	 1.035010
0.950000	 1.035551
0.950625	 1.036093
0.951250	 1.036635
0.951875	 1.037178
0.952500	 1.037721
0.953125	 1.038264
0.953750	 1.038808
0.954375	 1.039353
0.955000	 1.039897
0.955625	 1.040442
0.956250	 1.040988
0.956875	 1.041534
0.957500	 1.042080
0.958125	 1.042627
0.958750	 1.043174
0.959375	 1.043721
0.960000	 1.044269
0.960625	 1.044818
0.961250	 1.045366
0.961875	 1.045915
0.962500	 1.046465
0.963125	 1.047015
0.963750	 1.047565
0.964375	 1.048116
0.965000	 1.048667
0.965625	 1.049219
0.966250	 1.049771
0.966875	 1.050323
0.967500	 1.050876
0.968125	 1.051429
0.968750	 1.051983
0.969375	 1.052537
0.970000	 1.053092
0.970625	 1.053646
0.971250	 1.054202
0.971875	 1.054757
0.972500	 1.055314
0.973125	 1.055870
0.973750	 1.056427
0.974375	 1.056984
0.975000	 1.057542
0.975625	 1.058100
0.976250	 1.058659
0.976875	 1.059218
0.977500	 1.059777
0.978125	 1.060337
0.978750	 1.060897
0.979375	 1.061458
0.980000	 1.062019
0.980625	 1.062581
0.981250	 1.063143
0.981875	 1.063705
0.982500	 1.064268
0.983125	 1.064831
0.983750	 1.065394
0.984375	 1.065958
0.985000	 1.066523
0.985625	 1.067088
0.986250	 1.067653
0.986875	 1.068218
0.987500	 1.068784
0.988125	 1.069351
0.988750	 1.069918
0.989375	 1.070485
0.990000	 1.071053
0.990625	 1.071621
0.991250	 1.072190
0.991875	 1.072759
0.992500	 1.073328
0.993125	 1.073898
0.993750	 1.074468
0.994375	 1.075039
0.995000	 1.075610
0.995625	 1.076181
0.996250	 1.076753
0.996875	 1.077326
0.997500	 1.077898
0.998125	 1.078472
0.998750	 1.079045
0.999375	 1.079619
1.000000	 1.080194
1.000625	 1.080769
1.001250	 1.081344
1.001875	 1.081920
1.002500	 1.082496
1.003125	 1.083072
1.003750	 1.083649
1.004375	 1.084227
1.005000	 1.084805
1.005625	 1.085383
1.006250	 1.085962
1.006875	 1.086541
1.007500	 1.087120
1.008125	 1.087700
1.008750	 1.088281
1.009375	 1.088861
1.010000	 1.089443
1.010625	 1.090024
1.011250	 1.090606
1.011875	 1.091189
1.012500	 1.091772
1.013125	 1.092355
1.013750	 1.092939
1.014375	 1.093523
1.015000	 1.094108
1.015625	 1.094693
1.016250	 1.095278
1.016875	 1.095864
1.017500	 1.096451
1.018125	 1.097037
1.018750	 1.097625
1.019375	 1.098212
1.020000	 1.098800
1.020625	 1.099389
1.021250	 1.099978
1.021875	 1.100567
1.022500	 1.101157
1.023125	 1.101747
1.023750	 1.102338
1.024375	 1.102929
1.025000	 1.103520
1.025625	 1.104112
1.026250	 1.104705
1.026875	 1.105298
1.027500	 1.105891
1.028125	 1.106484
1.028750	 1.107079
1.029375	 1.107673
1.030000	 1.108268
1.030625	 1.108863
1.031250	 1.109459
1.031875	 1.110055
1.032500	 1.110652
1.033125	 1.111249
1.033750	 1.111847
1.034375	 1.112445
1.035000	 1.113043
1.035625	 1.113642
1.036250	 1.114241
1.036875	 1.114841
1.037500	 1.115441
1.038125	 1.116042
1.038750	 1.116643
1.039375	 1.117244
1.040000	 1.117846
1.040625	 1.118449
1.041250	 1.119052
1.041875	 1.119655
1.042500	 1.120258
1.043125	 1.120862
1.043750	 1.121467
1.044375	 1.122072
1.045000	 1.122677
1.045625	 1.123283
1.046250	 1.123890
1.046875	 1.124496
1.047500	 1.125103
1.048125	 1.125711
1.048750	 1.126319
1.049375	 1.126927
1.050000	 1.127536
1.050625	 1.128146
1.051250	 1.128756
1.051875	 1.129366
1.052500	 1.129976
1.053125	 1.130588
1.053750	 1.131199
1.054375	 1.131811
1.055000	 1.132424
1.055625	 1.133036
1.056250	 1.133650
1.056875	 1.134263
1.057500	 1.134878
1.058125	 1.135492
1.058750	 1.136107
1.059375	 1.136723
1.060000	 1.137339
1.060625	 1.137955
1.061250	 1.138572
1.061875	 1.139189
1.062500	 1.139807
1.063125	 1.140425
1.063750	 1.141044
1.064375	 1.141663
1.065000	 1.142283
1.065625	 1.142903
1.066250	 1.143523
1.066875	 1.144144
1.067500	 1.144765
1.068125	 1.145387
1.068750	 1.146009
1.069375	 1.146632
1.070000	 1.147255
1.070625	 1.147878
1.071250	 1.148502
1.071875	 1.149127
1.072500	 1.149752
1.073125	 1.150377
1.073750	 1.151003
1.074375	 1.151629
1.075000	 1.152256
1.075625	 1.152883
1.076250	 1.153510
1.076875	 1.154138
1.077500	 1.154767
1.078125	 1.155396
1.078750	 1.156025
1.079375	 1.156655
1.080000	 1.157285
1.080625	 1.157916
1.081250	 1.158547
1.081875	 1.159178
1.082500	 1.159810
1.083125	 1.160443
1.083750	 1.161076
1.084375	 1.161709
1.085000	 1.162343
1.085625	 1.162977
1.086250	 1.163612
1.086875	 1.164247
1.087500	 1.164883
1.088125	 1.165519
1.088750	 1.166156
1.089375	 1.166793
1.090000	 1.167430
1.090625	 1.168068
1.091250	 1.168706
1.091875	 1.169345
1.092500	 1.169985
1.093125	 1.170624
1.093750	 1.171265
1.094375	 1.171905
1.095000	 1.172546
1.095625	 1.173188
1.096250	 1.173830
1.096875	 1.174472
1.097500	 1.175115
1.098125	 1.175759
1.098750	 1.176402
1.099375	 1.177047
1.100000	 1.177691
1.100625	 1.178337
1.101250	 1.178982
1.101875	 1.179628
1.102500	 1.180275
1.103125	 1.180922
1.103750	 1.181569
1.104375	 1.182217
1.105000	 1.182866
1.105625	 1.183515
1.106250	 1.184164
1.106875	 1.184814
1.107500	 1.185464
1.108125	 1.186115
1.108750	 1.186766
1.109375	 1.187417
1.110000	 1.188069
1.110625	 1.188722
1.111250	 1.189375
1.111875	 1.190028
1.112500	 1.190682
1.113125	 1.191337
1.113750	 1.191991
1.114375	 1.192647
1.115000	 1.193302
1.115625	 1.193959
1.116250	 1.194615
1.116875	 1.195272
1.117500	 1.195930
1.118125	 1.196588
1.118750	 1.197247
1.119375	 1.197905
1.120000	 1.198565
1.120625	 1.199225
1.121250	 1.199885
1.121875	 1.200546
1.122500	 1.201207
1.123125	 1.201869
1.123750	 1.202531
1.124375	 1.203194
1.125000	 1.203857
1.125625	 1.204521
1.126250	 1.205185
1.126875	 1.205849
1.127500	 1.206514
1.128125	 1.207180
1.128750	 1.207846
1.129375	 1.208512
1.130000	 1.209179
1.130625	 1.209846
1.131250	 1.210514
1.131875	 1.211182
1.132500	 1.211851
1.133125	 1.212520
1.133750	 1.213190
1.134375	 1.213860
1.135000	 1.214531
1.135625	 1.215202
1.136250	 1.215873
1.136875	 1.216545
1.137500	 1.217218
1.138125	 1.217891
1.138750	 1.218564
1.139375	 1.219238
1.140000	 1.219912
1.140625	 1.220587
1.141250	 1.221262
1.141875	 1.221938
1.142500	 1.222614
1.143125	 1.223291
1.143750	 1.223968
1.144375	 1.224646
1.145000	 1.225324
1.145625	 1.226002
1.146250	 1.226681
1.146875	 1.227361
1.147500	 1.228041
1.148125	 1.228721
1.148750	 1.229402
1.149375	 1.230084
1.150000	 1.230765
1.150625	 1.231448
1.151250	 1.232131
1.151875	 1.232814
1.152500	 1.233498
1.153125	 1.234182
1.153750	 1.234867
1.154375	 1.235552
1.155000	 1.236237
1.155625	 1.236923
1.156250	 1.237610
1.156875	 1.238297
1.157500	 1.238985
1.158125	 1.239673
1.158750	 1.240361
1.159375	 1.241050
1.160000	 1.241740
1.160625	 1.242429
1.161250	 1.243120
1.161875	 1.243811
1.162500	 1.244502
1.163125	 1.245194
1.163750	 1.245886
1.164375	 1.246579
1.165000	 1.247272
1.165625	 1.247966
1.166250	 1.248660
1.166875	 1.249355
1.167500	 1.250050
1.168125	 1.250746
1.168750	 1.251442
1.169375	 1.252138
1.170000	 1.252835
1.170625	 1.253533
1.171250	 1.254231
1.171875	 1.254929
1.172500	 1.255628
1.173125	 1.256328
1.173750	 1.257028
1.174375	 1.257728
1.175000	 1.258429
1.175625	 1.259130
1.176250	 1.259832
1.176875	 1.260535
1.177500	 1.261237
1.178125	 1.261941
1.178750	 1.262644
1.179375	 1.263349
1.180000	 1.264053
1.180625	 1.264759
1.181250	 1.265464
1.181875	 1.266171
1.182500	 1.266877
1.183125	 1.267584
1.183750	 1.268292
1.184375	 1.269000
1.185000	 1.269709
1.185625	 1.270418
1.186250	 1.271127
1.186875	 1.271837
1.187500	 1.272548
1.188125	 1.273259
1.188750	 1.273970
1.189375	 1.274682
1.190000	 1.275395
1.190625	 1.276108
1.191250	 1.276821
1.191875	 1.277535
1.192500	 1.278249
1.193125	 1.278964
1.193750	 1.279680
1.194375	 1.280396
1.195000	 1.281112
1.195625	 1.281829
1.196250	 1.282546
1.196875	 1.283264
1.197500	 1.283982
1.198125	 1.284701
1.198750	 1.285420
1.199375	 1.286140
1.200000	 1.286860
1.200625	 1.287581
1.201250	 1.288302
1.201875	 1.289024
1.202500	 1.289746
1.203125	 1.290469
1.203750	 1.291192
1.204375	 1.291915
1.205000	 1.292639
1.205625	 1.293364
1.206250	 1.294089
1.206875	 1.294815
1.207500	 1.295541
1.208125	 1.296267
1.208750	 1.296994
1.209375	 1.297722
1.210000	 1.298450
1.210625	 1.299179
1.211250	 1.299908
1.211875	 1.300637
1.212500	 1.301367
1.213125	 1.302098
1.213750	 1.302829
1.214375	 1.303560
1.215000	 1.304292
1.215625	 1.305025
1.216250	 1.305757
1.216875	 1.306491
1.217500	 1.307225
1.218125	 1.307959
1.218750	 1.308694
1.219375	 1.309430
1.220000	 1.310165
1.220625	 1.310902
1.221250	 1.311639
1.221875	 1.312376
1.222500	 1.313114
1.223125	 1.313852
1.223750	 1.314591
1.224375	 1.315331
1.225000	 1.316070
1.225625	 1.316811
1.226250	 1.317552
1.226875	 1.318293
1.227500	 1.319035
1.228125	 1.319777
1.228750	 1.320520
1.229375	 1.321263
1.230000	 1.322007
1.230625	 1.322751
1.231250	 1.323496
1.231875	 1.324242
1.232500	 1.324987
1.233125	 1.325734
1.233750	 1.326480
1.234375	 1.327228
1.235000	 1.327975
1.235625	 1.328724
1.236250	 1.329473
1.236875	 1.330222
1.237500	 1.330972
1.238125	 1.331722
1.238750	 1.332473
1.239375	 1.333224
1.240000	 1.333976
1.240625	 1.334728
1.241250	 1.335481
1.241875	 1.336234
1.242500	 1.336988
1.243125	 1.337742
1.243750	 1.338497
1.244375	 1.339252
1.245000	 1.340008
1.245625	 1.340764
1.246250	 1.341521
1.246875	 1.342278
1.247500	 1.343036
1.248125	 1.343794
1.248750	 1.344553
1.249375	 1.345312
1.250000	 1.346072
1.250625	 1.346832
1.251250	 1.347593
1.251875	 1.348354
1.252500	 1.349116
1.253125	 1.349878
1.253750	 1.350641
1.254375	 1.351404
1.255000	 1.352168
1.255625	 1.352932
1.256250	 1.353697
1.256875	 1.354462
1.257500	 1.355228
1.258125	 1.355995
1.258750	 1.356761
1.259375	 1.357529
1.260000	 1.358296
1.260625	 1.359065
1.261250	 1.359834
1.261875	 1.360603
1.262500	 1.361373
1.263125	 1.362143
1.263750	 1.362914
1.264375	 1.363685
1.265000	 1.364457
1.265625	 1.365229
1.266250	 1.366002
1.266875	 1.366776
1.267500	 1.367550
1.268125	 1.368324
1.268750	 1.369099
1.269375	 1.369874
1.270000	 1.370650
1.270625	 1.371427
1.271250	 1.372203
1.271875	 1.372981
1.272500	 1.373759
1.273125	 1.374537
1.273750	 1.375316
1.274375	 1.376096
1.275000	 1.376876
1.275625	 1.377656
1.276250	 1.378437
1.276875	 1.379218
1.277500	 1.380000
1.278125	 1.380783
1.278750	 1.381566
1.279375	 1.382350
1.280000	 1.383134
1.280625	 1.383918
1.281250	 1.384703
1.281875	 1.385489
1.282500	 1.386275
1.283125	 1.387061
1.283750	 1.387848
1.284375	 1.388636
1.285000	 1.389424
1.285625	 1.390213
1.286250	 1.391002
1.286875	 1.391792
1.287500	 1.392582
1.288125	 1.393372
1.288750	 1.394164
1.289375	 1.394955
1.290000	 1.395747
1.290625	 1.396540
1.291250	 1.397333
1.291875	 1.398127
1.292500	 1.398921
1.293125	 1.399716
1.293750	 1.400512
1.294375	 1.401307
1.295000	 1.402104
1.295625	 1.402900
1.296250	 1.403698
1.296875	 1.404496
1.297500	 1.405294
1.298125	 1.406093
1.298750	 1.406892
1.299375	 1.407692
1.300000	 1.408493
1.300625	 1.409294
1.301250	 1.410095
1.301875	 1.410897
1.302500	 1.411699
1.303125	 1.412502
1.303750	 1.413306
1.304375	 1.414110
1.305000	 1.414915
1.305625	 1.415720
1.306250	 1.416525
1.306875	 1.417331
1.307500	 1.418138
1.308125	 1.418945
1.308750	 1.419753
1.309375	 1.420561
1.310000	 1.421370
1.310625	 1.422179
1.311250	 1.422989
1.311875	 1.423799
1.312500	 1.424610
1.313125	 1.425421
1.313750	 1.426233
1.314375	 1.427045
1.315000	 1.427858
1.315625	 1.428671
1.316250	 1.429485
1.316875	 1.430299
1.317500	 1.431114
1.318125	 1.431930
1.318750	 1.432746
1.319375	 1.433562
1.320000	 1.434379
1.320625	 1.435197
1.321250	 1.436015
1.321875	 1.436833
1.322500	 1.437652
1.323125	 1.438472
1.323750	 1.439292
1.324375	 1.440113
1.325000	 1.440934
1.325625	 1.441756
1.326250	 1.442578
1.326875	 1.443400
1.327500	 1.444224
1.328125	 1.445047
1.328750	 1.445872
1.329375	 1.446697
1.330000	 1.447522
1.330625	 1.448348
1.331250	 1.449174
1.331875	 1.450001
1.332500	 1.450829
1.333125	 1.451656
1.333750	 1.452485
1.334375	 1.453314
1.335000	 1.454143
1.335625	 1.454974
1.336250	 1.455804
1.336875	 1.456635
1.337500	 1.457467
1.338125	 1.458299
1.338750	 1.459132
1.339375	 1.459965
1.340000	 1.460799
1.340625	 1.461633
1.341250	 1.462468
1.341875	 1.463303
1.342500	 1.464139
1.343125	 1.464975
1.343750	 1.465812
1.344375	 1.466649
1.345000	 1.467487
1.345625	 1.468326
1.346250	 1.469165
1.346875	 1.470004
1.347500	 1.470844
1.348125	 1.471685
1.348750	 1.472526
1.349375	 1.473368
1.350000	 1.474210
1.350625	 1.475052
1.351250	 1.475896
1.351875	 1.476739
1.352500	 1.477584
1.353125	 1.478428
1.353750	 1.479274
1.354375	 1.480120
1.355000	 1.480966
1.355625	 1.481813
1.356250	 1.482660
1.356875	 1.483508
1.357500	 1.484357
1.358125	 1.485206
1.358750	 1.486055
1.359375	 1.486906
1.360000	 1.487756
1.360625	 1.488607
1.361250	 1.489459
1.361875	 1.490311
1.362500	 1.491164
1.363125	 1.492017
1.363750	 1.492871
1.364375	 1.493725
1.365000	 1.494580
1.365625	 1.495436
1.366250	 1.496292
1.366875	 1.497148
1.367500	 1.498005
1.368125	 1.498863
1.368750	 1.499721
1.369375	 1.500579
1.370000	 1.501438
1.370625	 1.502298
1.371250	 1.503158
1.371875	 1.504019
1.372500	 1.504880
1.373125	 1.505742
1.373750	 1.506604
1.374375	 1.507467
1.375000	 1.508331
1.375625	 1.509195
1.376250	 1.510059
1.376875	 1.510924
1.377500	 1.511790
1.378125	 1.512656
1.378750	 1.513522
1.379375	 1.514389
1.380000	 1.515257
1.380625	 1.516125
1.381250	 1.516994
1.381875	 1.517863
1.382500	 1.518733
1.383125	 1.519604
1.383750	 1.520474
1.384375	 1.521346
1.385000	 1.522218
1.385625	 1.523090
1.386250	 1.523963
1.386875	 1.524837
1.387500	 1.525711
1.388125	 1.526586
1.388750	 1.527461
1.389375	 1.528337
1.390000	 1.529213
1.390625	 1.530090
1.391250	 1.530967
1.391875	 1.531845
1.392500	 1.532723
1.393125	 1.533602
1.393750	 1.534482
1.394375	 1.535362
1.395000	 1.536242
1.395625	 1.537124
1.396250	 1.538005
1.396875	 1.538887
1.397500	 1.539770
1.398125	 1.540653
1.398750	 1.541537
1.399375	 1.542422
1.400000	 1.543306
1.400625	 1.544192
1.401250	 1.545078
1.401875	 1.545964
1.402500	 1.546851
1.403125	 1.547739
1.403750	 1.548627
1.404375	 1.549516
1.405000	 1.550405
1.405625	 1.551295
1.406250	 1.552185
1.406875	 1.553076
1.407500	 1.553967
1.408125	 1.554859
1.408750	 1.555752
1.409375	 1.556645
1.410000	 1.557538
1.410625	 1.558432
1.411250	 1.559327
1.411875	 1.560222
1.412500	 1.561118
1.413125	 1.562014
1.413750	 1.562911
1.414375	 1.563808
1.415000	 1.564706
1.415625	 1.565605
1.416250	 1.566504
1.416875	 1.567403
1.417500	 1.568303
1.418125	 1.569204
1.418750	 1.570105
1.419375	 1.571007
1.420000	 1.571909
1.420625	 1.572812
1.421250	 1.573715
1.421875	 1.574619
1.422500	 1.575524
1.423125	 1.576429
1.423750	 1.577334
1.424375	 1.578240
1.425000	 1.579147
1.425625	 1.580054
1.426250	 1.580962
1.426875	 1.581870
1.427500	 1.582779
1.428125	 1.583688
1.428750	 1.584598
1.429375	 1.585509
1.430000	 1.586420
1.430625	 1.587331
1.431250	 1.588243
1.431875	 1.589156
1.432500	 1.590069
1.433125	 1.590983
1.433750	 1.591897
1.434375	 1.592812
1.435000	 1.593727
1.435625	 1.594643
1.436250	 1.595560
1.436875	 1.596477
1.437500	 1.597394
1.438125	 1.598313
1.438750	 1.599231
1.439375	 1.600150
1.440000	 1.601070
1.440625	 1.601991
1.441250	 1.602911
1.441875	 1.603833
1.442500	 1.604755
1.443125	 1.605677
1.443750	 1.606600
1.444375	 1.607524
1.445000	 1.608448
1.445625	 1.609373
1.446250	 1.610298
1.446875	 1.611224
1.447500	 1.612151
1.448125	 1.613077
1.448750	 1.614005
1.449375	 1.614933
1.450000	 1.615862
1.450625	 1.616791
1.451250	 1.617720
1.451875	 1.618651
1.452500	 1.619582
1.453125	 1.620513
1.453750	 1.621445
1.454375	 1.622377
1.455000	 1.623310
1.455625	 1.624244
1.456250	 1.625178
1.456875	 1.626113
1.457500	 1.627048
1.458125	 1.627984
1.458750	 1.628920
1.459375	 1.629857
1.460000	 1.630794
1.460625	 1.631732
1.461250	 1.632671
1.461875	 1.633610
1.462500	 1.634550
1.463125	 1.635490
1.463750	 1.636431
1.464375	 1.637372
1.465000	 1.638314
1.465625	 1.639256
1.466250	 1.640199
1.466875	 1.641143
1.467500	 1.642087
1.468125	 1.643032
1.468750	 1.643977
1.469375	 1.644923
1.470000	 1.645869
1.470625	 1.646816
1.471250	 1.647763
1.471875	 1.648711
1.472500	 1.649660
1.473125	 1.650609
1.473750	 1.651559
1.474375	 1.652509
1.475000	 1.653460
1.475625	 1.654411
1.476250	 1.655363
1.476875	 1.656316
1.477500	 1.657269
1.478125	 1.658222
1.478750	 1.659176
1.479375	 1.660131
1.480000	 1.661086
1.480625	 1.662042
1.481250	 1.662998
1.481875	 1.663955
1.482500	 1.664913
1.483125	 1.665871
1.483750	 1.666830
1.484375	 1.667789
1.485000	 1.668748
1.485625	 1.669709
1.486250	 1.670670
1.486875	 1.671631
1.487500	 1.672593
1.488125	 1.673556
1.488750	 1.674519
1.489375	 1.675482
1.490000	 1.676447
1.490625	 1.677411
1.491250	 1.678377
1.491875	 1.679343
1.492500	 1.680309
1.493125	 1.681276
1.493750	 1.682244
1.494375	 1.683212
1.495000	 1.684181
1.495625	 1.685150
1.496250	 1.686120
1.496875	 1.687090
1.497500	 1.688061
1.498125	 1.689033
1.498750	 1.690005
1.499375	 1.690977
1.500000	 1.691951
1.500625	 1.692924
1.501250	 1.693899
1.501875	 1.694874
1.502500	 1.695849
1.503125	 1.696825
1.503750	 1.697802
1.504375	 1.698779
1.505000	 1.699757
1.505625	 1.700735
1.506250	 1.701714
1.506875	 1.702693
1.507500	 1.703673
1.508125	 1.704654
1.508750	 1.705635
1.509375	 1.706616
1.510000	 1.707599
1.510625	 1.708582
1.511250	 1.709565
1.511875	 1.710549
1.512500	 1.711533
1.513125	 1.712518
1.513750	 1.713504
1.514375	 1.714490
1.515000	 1.715477
1.515625	 1.716464
1.516250	 1.717452
1.516875	 1.718441
1.517500	 1.719430
1.518125	 1.720419
1.518750	 1.721410
1.519375	 1.722400
1.520000	 1.723392
1.520625	 1.724384
1.521250	 1.725376
1.521875	 1.726369
1.522500	 1.727363
1.523125	 1.728357
1.523750	 1.729351
1.524375	 1.730347
1.525000	 1.731343
1.525625	 1.732339
1.526250	 1.733336
1.526875	 1.734334
1.527500	 1.735332
1.528125	 1.736330
1.528750	 1.737330
1.529375	 1.738330
1.530000	 1.739330
1.530625	 1.740331
1.531250	 1.741333
1.531875	 1.742335
1.532500	 1.743337
1.533125	 1.744341
1.533750	 1.745344
1.534375	 1.746349
1.535000	 1.747354
1.535625	 1.748359
1.536250	 1.749365
1.536875	 1.750372
1.537500	 1.751379
1.538125	 1.752387
1.538750	 1.753396
1.539375	 1.754405
1.540000	 1.755414
1.540625	 1.756424
1.541250	 1.757435
1.541875	 1.758446
1.542500	 1.759458
1.543125	 1.760470
1.543750	 1.761483
1.544375	 1.762497
1.545000	 1.763511
1.545625	 1.764526
1.546250	 1.765541
1.546875	 1.766557
1.547500	 1.767573
1.548125	 1.768590
1.548750	 1.769608
1.549375	 1.770626
1.550000	 1.771645
1.550625	 1.772664
1.551250	 1.773684
1.551875	 1.774704
1.552500	 1.775725
1.553125	 1.776747
1.553750	 1.777769
1.554375	 1.778792
1.555000	 1.779815
1.555625	 1.780839
1.556250	 1.781863
1.556875	 1.782888
1.557500	 1.783914
1.558125	 1.784940
1.558750	 1.785967
1.559375	 1.786994
1.560000	 1.788022
1.560625	 1.789051
1.561250	 1.790080
1.561875	 1.791109
1.562500	 1.792140
1.563125	 1.793170
1.563750	 1.794202
1.564375	 1.795234
1.565000	 1.796266
1.565625	 1.797299
1.566250	 1.798333
1.566875	 1.799367
1.567500	 1.800402
1.568125	 1.801438
1.568750	 1.802474
1.569375	 1.803510
1.570000	 1.804547
1.570625	 1.805585
1.571250	 1.806623
1.571875	 1.807662
1.572500	 1.808702
1.573125	 1.809742
1.573750	 1.810782
1.574375	 1.811823
1.575000	 1.812865
1.575625	 1.813908
1.576250	 1.814950
1.576875	 1.815994
1.577500	 1.817038
1.578125	 1.818083
1.578750	 1.819128
1.579375	 1.820174
1.580000	 1.821220
1.580625	 1.822267
1.581250	 1.823315
1.581875	 1.824363
1.582500	 1.825412
1.583125	 1.826461
1.583750	 1.827511
1.584375	 1.828561
1.585000	 1.829612
1.585625	 1.830664
1.586250	 1.831716
1.586875	 1.832769
1.587500	 1.833822
1.588125	 1.834876
1.588750	 1.835931
1.589375	 1.836986
1.590000	 1.838042
1.590625	 1.839098
1.591250	 1.840155
1.591875	 1.841212
1.592500	 1.842270
1.593125	 1.843329
1.593750	 1.844388
1.594375	 1.845448
1.595000	 1.846508
1.595625	 1.847569
1.596250	 1.848631
1.596875	 1.849693
1.597500	 1.850756
1.598125	 1.851819
1.598750	 1.852883
1.599375	 1.853947
1.600000	 1.855012
1.600625	 1.856078
1.601250	 1.857144
1.601875	 1.858211
1.602500	 1.859278
1.603125	 1.860346
1.603750	 1.861415
1.604375	 1.862484
1.605000	 1.863554
1.605625	 1.864624
1.606250	 1.865695
1.606875	 1.866766
1.607500	 1.867838
1.608125	 1.868911
1.608750	 1.869984
1.609375	 1.871058
1.610000	 1.872132
1.610625	 1.873207
1.611250	 1.874283
1.611875	 1.875359
1.612500	 1.876436
1.613125	 1.877513
1.613750	 1.878591
1.614375	 1.879669
1.615000	 1.880749
1.615625	 1.881828
1.616250	 1.882908
1.616875	 1.883989
1.617500	 1.885071
1.618125	 1.886153
1.618750	 1.887235
1.619375	 1.888319
1.620000	 1.889402
1.620625	 1.890487
1.621250	 1.891572
1.621875	 1.892657
1.622500	 1.893743
1.623125	 1.894830
1.623750	 1.895917
1.624375	 1.897005
1.625000	 1.898094
1.625625	 1.899183
1.626250	 1.900273
1.626875	 1.901363
1.627500	 1.902454
1.628125	 1.903545
1.628750	 1.904637
1.629375	 1.905730
1.630000	 1.906823
1.630625	 1.907917
1.631250	 1.909011
1.631875	 1.910106
1.632500	 1.911202
1.633125	 1.912298
1.633750	 1.913395
1.634375	 1.914492
1.635000	 1.915590
1.635625	 1.916688
1.636250	 1.917788
1.636875	 1.918887
1.637500	 1.919988
1.638125	 1.921088
1.638750	 1.922190
1.639375	 1.923292
1.640000	 1.924395
1.640625	 1.925498
1.641250	 1.926602
1.641875	 1.927706
1.642500	 1.928811
1.643125	 1.929917
1.643750	 1.931023
1.644375	 1.932130
1.645000	 1.933237
1.645625	 1.934345
1.646250	 1.935454
1.646875	 1.936563
1.647500	 1.937673
1.648125	 1.938783
1.648750	 1.939894
1.649375	 1.941006
1.650000	 1.942118
1.650625	 1.943231
1.651250	 1.944344
1.651875	 1.945458
1.652500	 1.946572
1.653125	 1.947687
1.653750	 1.948803
1.654375	 1.949919
1.655000	 1.951036
1.655625	 1.952154
1.656250	 1.953272
1.656875	 1.954391
1.657500	 1.955510
1.658125	 1.956630
1.658750	 1.957750
1.659375	 1.958871
1.660000	 1.959993
1.660625	 1.961115
1.661250	 1.962238
1.661875	 1.963362
1.662500	 1.964486
1.663125	 1.965610
1.663750	 1.966735
1.664375	 1.967861
1.665000	 1.968988
1.665625	 1.970115
1.666250	 1.971242
1.666875	 1.972371
1.667500	 1.973499
1.668125	 1.974629
1.668750	 1.975759
1.669375	 1.976889
1.670000	 1.978021
1.670625	 1.979152
1.671250	 1.980285
1.671875	 1.981418
1.672500	 1.982551
1.673125	 1.983686
1.673750	 1.984820
1.674375	 1.985956
1.675000	 1.987092
1.675625	 1.988228
1.676250	 1.989365
1.676875	 1.990503
1.677500	 1.991642
1.678125	 1.992781
1.678750	 1.993920
1.679375	 1.995060
1.680000	 1.996201
1.680625	 1.997343
1.681250	 1.998484
1.681875	 1.999627
1.682500	 2.000770
1.683125	 2.001914
1.683750	 2.003058
1.684375	 2.004203
1.685000	 2.005349
1.685625	 2.006495
1.686250	 2.007642
1.686875	 2.008789
1.687500	 2.009937
1.688125	 2.011086
1.688750	 2.012235
1.689375	 2.013385
1.690000	 2.014535
1.690625	 2.015686
1.691250	 2.016838
1.691875	 2.017990
1.692500	 2.019143
1.693125	 2.020296
1.693750	 2.021450
1.694375	 2.022605
1.695000	 2.023760
1.695625	 2.024916
1.696250	 2.026072
1.696875	 2.027229
1.697500	 2.028387
1.698125	 2.029545
1.698750	 2.030704
1.699375	 2.031863
1.700000	 2.033023
1.700625	 2.034184
1.701250	 2.035345
1.701875	 2.036507
1.702500	 2.037669
1.703125	 2.038832
1.703750	 2.039996
1.704375	 2.041160
1.705000	 2.042325
1.705625	 2.043490
1.706250	 2.044656
1.706875	 2.045823
1.707500	 2.046990
1.708125	 2.048158
1.708750	 2.049326
1.709375	 2.050495
1.710000	 2.051665
1.710625	 2.052835
1.711250	 2.054006
1.711875	 2.055178
1.712500	 2.056350
1.713125	 2.057523
1.713750	 2.058696
1.714375	 2.059870
1.715000	 2.061044
1.715625	 2.062219
1.716250	 2.063395
1.716875	 2.064571
1.717500	 2.065748
1.718125	 2.066926
1.718750	 2.068104
1.719375	 2.069283
1.720000	 2.070462
1.720625	 2.071642
1.721250	 2.072823
1.721875	 2.074004
1.722500	 2.075186
1.723125	 2.076368
1.723750	 2.077551
1.724375	 2.078735
1.725000	 2.079919
1.725625	 2.081104
1.726250	 2.082289
1.726875	 2.083475
1.727500	 2.084662
1.728125	 2.085849
1.728750	 2.087037
1.729375	 2.088225
1.730000	 2.089414
1.730625	 2.090604
1.731250	 2.091794
1.731875	 2.092985
1.732500	 2.094177
1.733125	 2.095369
1.733750	 2.096562
1.734375	 2.097755
1.735000	 2.098949
1.735625	 2.100143
1.736250	 2.101339
1.736875	 2.102534
1.737500	 2.103731
1.738125	 2.104928
1.738750	 2.106125
1.739375	 2.107323
1.740000	 2.108522
1.740625	 2.109722
1.741250	 2.110922
1.741875	 2.112122
1.742500	 2.113324
1.743125	 2.114525
1.743750	 2.115728
1.744375	 2.116931
1.745000	 2.118135
1.745625	 2.119339
1.746250	 2.120544
1.746875	 2.121749
1.747500	 2.122956
1.748125	 2.124162
1.748750	 2.125370
1.749375	 2.126578
1.750000	 2.127786
1.750625	 2.128996
1.751250	 2.130205
1.751875	 2.131416
1.752500	 2.132627
1.753125	 2.133838
1.753750	 2.135051
1.754375	 2.136264
1.755000	 2.137477
1.755625	 2.138691
1.756250	 2.139906
1.756875	 2.141121
1.757500	 2.142337
1.758125	 2.143554
1.758750	 2.144771
1.759375	 2.145989
1.760000	 2.147207
1.760625	 2.148426
1.761250	 2.149646
1.761875	 2.150866
1.762500	 2.152087
1.763125	 2.153308
1.763750	 2.154530
1.764375	 2.155753
1.765000	 2.156976
1.765625	 2.158200
1.766250	 2.159424
1.766875	 2.160650
1.767500	 2.161875
1.768125	 2.163102
1.768750	 2.164329
1.769375	 2.165556
1.770000	 2.166784
1.770625	 2.168013
1.771250	 2.169243
1.771875	 2.170473
1.772500	 2.171703
1.773125	 2.172935
1.773750	 2.174167
1.774375	 2.175399
1.775000	 2.176632
1.775625	 2.177866
1.776250	 2.179100
1.776875	 2.180335
1.777500	 2.181571
1.778125	 2.182807
1.778750	 2.184044
1.779375	 2.185281
1.780000	 2.186520
1.780625	 2.187758
1.781250	 2.188997
1.781875	 2.190237
1.782500	 2.191478
1.783125	 2.192719
1.783750	 2.193961
1.784375	 2.195203
1.785000	 2.196446
1.785625	 2.197690
1.786250	 2.198934
1.786875	 2.200179
1.787500	 2.201424
1.788125	 2.202670
1.788750	 2.203917
1.789375	 2.205164
1.790000	 2.206412
1.790625	 2.207661
1.791250	 2.208910
1.791875	 2.210160
1.792500	 2.211410
1.793125	 2.212661
1.793750	 2.213913
1.794375	 2.215165
1.795000	 2.216418
1.795625	 2.217672
1.796250	 2.218926
1.796875	 2.220181
1.797500	 2.221436
1.798125	 2.222692
1.798750	 2.223948
1.799375	 2.225206
1.800000	 2.226464
1.800625	 2.227722
1.801250	 2.228981
1.801875	 2.230241
1.802500	 2.231501
1.803125	 2.232762
1.803750	 2.234024
1.804375	 2.235286
1.805000	 2.236549
1.805625	 2.237812
1.806250	 2.239076
1.806875	 2.240341
1.807500	 2.241606
1.808125	 2.242872
1.808750	 2.244138
1.809375	 2.245406
1.810000	 2.246673
1.810625	 2.247942
1.811250	 2.249211
1.811875	 2.250480
1.812500	 2.251751
1.813125	 2.253022
1.813750	 2.254293
1.814375	 2.255565
1.815000	 2.256838
1.815625	 2.258111
1.816250	 2.259385
1.816875	 2.260660
1.817500	 2.261935
1.818125	 2.263211
1.818750	 2.264487
1.819375	 2.265765
1.820000	 2.267042
1.820625	 2.268321
1.821250	 2.269600
1.821875	 2.270879
1.822500	 2.272159
1.823125	 2.273440
1.823750	 2.274722
1.824375	 2.276004
1.825000	 2.277286
1.825625	 2.278570
1.826250	 2.279854
1.826875	 2.281138
1.827500	 2.282424
1.828125	 2.283709
1.828750	 2.284996
1.829375	 2.286283
1.830000	 2.287571
1.830625	 2.288859
1.831250	 2.290148
1.831875	 2.291438
1.832500	 2.292728
1.833125	 2.294019
1.833750	 2.295310
1.834375	 2.296602
1.835000	 2.297895
1.835625	 2.299188
1.836250	 2.300482
1.836875	 2.301777
1.837500	 2.303072
1.838125	 2.304368
1.838750	 2.305664
1.839375	 2.306961
1.840000	 2.308259
1.840625	 2.309557
1.841250	 2.310856
1.841875	 2.312156
1.842500	 2.313456
1.843125	 2.314757
1.843750	 2.316058
1.844375	 2.317360
1.845000	 2.318663
1.845625	 2.319967
1.846250	 2.321271
1.846875	 2.322575
1.847500	 2.323880
1.848125	 2.325186
1.848750	 2.326493
1.849375	 2.327800
1.850000	 2.329108
1.850625	 2.330416
1.851250	 2.331725
1.851875	 2.333035
1.852500	 2.334345
1.853125	 2.335656
1.853750	 2.336967
1.854375	 2.338279
1.855000	 2.339592
1.855625	 2.340906
1.856250	 2.342220
1.856875	 2.343534
1.857500	 2.344849
1.858125	 2.346165
1.858750	 2.347482
1.859375	 2.348799
1.860000	 2.350117
1.860625	 2.351435
1.861250	 2.352754
1.861875	 2.354074
1.862500	 2.355394
1.863125	 2.356715
1.863750	 2.358037
1.864375	 2.359359
1.865000	 2.360682
1.865625	 2.362005
1.866250	 2.363330
1.866875	 2.364654
1.867500	 2.365980
1.868125	 2.367306
1.868750	 2.368632
1.869375	 2.369959
1.870000	 2.371287
1.870625	 2.372616
1.871250	 2.373945
1.871875	 2.375275
1.872500	 2.376605
1.873125	 2.377936
1.873750	 2.379268
1.874375	 2.380600
1.875000	 2.381933
1.875625	 2.383267
1.876250	 2.384601
1.876875	 2.385936
1.877500	 2.387271
1.878125	 2.388607
1.878750	 2.389944
1.879375	 2.391281
1.880000	 2.392619
1.880625	 2.393958
1.881250	 2.395297
1.881875	 2.396637
1.882500	 2.397977
1.883125	 2.399319
1.883750	 2.400660
1.884375	 2.402003
1.885000	 2.403346
1.885625	 2.404689
1.886250	 2.406034
1.886875	 2.407379
1.887500	 2.408724
1.888125	 2.410071
1.888750	 2.411417
1.889375	 2.412765
1.890000	 2.414113
1.890625	 2.415462
1.891250	 2.416811
1.891875	 2.418161
1.892500	 2.419512
1.893125	 2.420863
1.893750	 2.422215
1.894375	 2.423567
1.895000	 2.424921
1.895625	 2.426274
1.896250	 2.427629
1.896875	 2.428984
1.897500	 2.430340
1.898125	 2.431696
1.898750	 2.433053
1.899375	 2.434411
1.900000	 2.435769
1.900625	 2.437128
1.901250	 2.438487
1.901875	 2.439848
1.902500	 2.441208
1.903125	 2.442570
1.903750	 2.443932
1.904375	 2.445295
1.905000	 2.446658
1.905625	 2.448022
1.906250	 2.449386
1.906875	 2.450752
1.907500	 2.452118
1.908125	 2.453484
1.908750	 2.454851
1.909375	 2.456219
1.910000	 2.457588
1.910625	 2.458957
1.911250	 2.460326
1.911875	 2.461697
1.912500	 2.463068
1.913125	 2.464439
1.913750	 2.465811
1.914375	 2.467184
1.915000	 2.468558
1.915625	 2.469932
1.916250	 2.471307
1.916875	 2.472682
1.917500	 2.474058
1.918125	 2.475435
1.918750	 2.476812
1.919375	 2.478190
1.920000	 2.479569
1.920625	 2.480948
1.921250	 2.482328
1.921875	 2.483709
1.922500	 2.485090
1.923125	 2.486472
1.923750	 2.487854
1.924375	 2.489237
1.925000	 2.490621
1.925625	 2.492006
1.926250	 2.493391
1.926875	 2.494776
1.927500	 2.496162
1.928125	 2.497549
1.928750	 2.498937
1.929375	 2.500325
1.930000	 2.501714
1.930625	 2.503104
1.931250	 2.504494
1.931875	 2.505884
1.932500	 2.507276
1.933125	 2.508668
1.933750	 2.510061
1.934375	 2.511454
1.935000	 2.512848
1.935625	 2.514243
1.936250	 2.515638
1.936875	 2.517034
1.937500	 2.518430
1.938125	 2.519827
1.938750	 2.521225
1.939375	 2.522624
1.940000	 2.524023
1.940625	 2.525422
1.941250	 2.526823
1.941875	 2.528224
1.942500	 2.529626
1.943125	 2.531028
1.943750	 2.532431
1.944375	 2.533834
1.945000	 2.535239
1.945625	 2.536643
1.946250	 2.538049
1.946875	 2.539455
1.947500	 2.540862
1.948125	 2.542269
1.948750	 2.543677
1.949375	 2.545086
1.950000	 2.546495
1.950625	 2.547905
1.951250	 2.549316
1.951875	 2.550727
1.952500	 2.552139
1.953125	 2.553552
1.953750	 2.554965
1.954375	 2.556379
1.955000	 2.557793
1.955625	 2.559209
1.956250	 2.560624
1.956875	 2.562041
1.957500	 2.563458
1.958125	 2.564876
1.958750	 2.566294
1.959375	 2.567713
1.960000	 2.569133
1.960625	 2.570553
1.961250	 2.571974
1.961875	 2.573395
1.962500	 2.574818
1.963125	 2.576241
1.963750	 2.577664
1.964375	 2.579088
1.965000	 2.580513
1.965625	 2.581938
1.966250	 2.583365
1.966875	 2.584791
1.967500	 2.586219
1.968125	 2.587647
1.968750	 2.589075
1.969375	 2.590505
1.970000	 2.591935
1.970625	 2.593365
1.971250	 2.594796
1.971875	 2.596228
1.972500	 2.597661
1.973125	 2.599094
1.973750	 2.600528
1.974375	 2.601962
1.975000	 2.603398
1.975625	 2.604833
1.976250	 2.606270
1.976875	 2.607707
1.977500	 2.609144
1.978125	 2.610583
1.978750	 2.612022
1.979375	 2.613461
1.980000	 2.614902
1.980625	 2.616343
1.981250	 2.617784
1.981875	 2.619226
1.982500	 2.620669
1.983125	 2.622113
1.983750	 2.623557
1.984375	 2.625002
1.985000	 2.626447
1.985625	 2.627893
1.986250	 2.629340
1.986875	 2.630788
1.987500	 2.632236
1.988125	 2.633684
1.988750	 2.635134
1.989375	 2.636584
1.990000	 2.638034
1.990625	 2.639486
1.991250	 2.640938
1.991875	 2.642390
1.992500	 2.643843
1.993125	 2.645297
1.993750	 2.646752
1.994375	 2.648207
1.995000	 2.649663
1.995625	 2.651119
1.996250	 2.652576
1.996875	 2.654034
1.997500	 2.655493
1.998125	 2.656952
1.998750	 2.658411
1.999375	 2.659872
